"OptionSet","Exploit","Refine","Filter","All","NoDispute","DisputeArises","LitigQuality","PFiles","DAnswers","PBargains1","DBargains1","POffer1","DOffer1","POfferMixedness1","DOfferMixedness1","Settles1","PBet1","DBet1","PBetMixedness1","DBetMixedness1","PAbandons1","DDefaults1","Trial","PWinPct","PWealth","DWealth","PWelfare","DWelfare","TotExpense","False+","False-","PDSWelfare","Chips","Settles","ValIfSettled","PAbandons","DDefaults","BothReadyToGiveUp","TrulyLiable","PrimaryAction","MutualOptimism","P Files","D Answers","PDoesntFile","DDoesntAnswer","SettlesBR1","PAbandonsBR1","DDefaultsBR1","P Loses","P Wins","Round 1 P 1-All","P1 0.091  ","P1 0.18  ","P1 0.27  ","P1 0.36  ","P1 0.45  ","P1 0.55  ","P1 0.64  ","P1 0.73  ","P1 0.82  ","P1 0.91  ","Round 1 D 1-All","D1 0.091  ","D1 0.18  ","D1 0.27  ","D1 0.36  ","D1 0.45  ","D1 0.55  ","D1 0.64  ","D1 0.73  ","D1 0.82  ","D1 0.91  "
"FSA-feeAm-costsm0.1-fsm0.5-casens0.5","0","NaN","All","1","0","1","0.5","1","1","1","1","0.795493","0.204507","","","0.277684","","","","","0","0","0.722316","0.5","25.4719","24.4719","25.4719","24.4719","0.0561158","0.187399","0.179346","0","0","0.277684","0.5","0","0","0","0.5","0","-7.05853E-17","1","1","0","0","0.277684","0","0","0.361158","0.361158","","","","","","","","","","","","","","","","","","","","","",""
"FSA-feeAm-costsm0.1-fsm0.5-casens0.5","0","NaN","NoDispute","0","0","0","","","","","","","","","","","","","","","","","","","","","","","","","","","","","","","","","","","","","","","","","","","","","","","","","","","","","","",""
"FSA-feeAm-costsm0.1-fsm0.5-casens0.5","0","NaN","DisputeArises","1","0","1","0.5","1","1","1","1","0.795493","0.204507","","","0.277684","","","","","0","0","0.722316","0.5","25.4719","24.4719","25.4719","24.4719","0.0561158","0.187399","0.179346","0","0","0.277684","0.5","0","0","0","0.5","0","-7.05853E-17","1","1","0","0","0.277684","0","0","0.361158","0.361158","","","","","","","","","","",""
"FSA-feeAm-costsm0.1-fsm0.5-casens0.5","0","NaN","PFiles","1","0","1","0.5","1","1","1","1","0.795493","0.204507","","","0.277684","","","","","0","0","0.722316","0.5","25.4719","24.4719","25.4719","24.4719","0.0561158","0.187399","0.179346","0","0","0.277684","0.5","0","0","0","0.5","0","-7.05853E-17","1","1","0","0","0.277684","0","0","0.361158","0.361158","","","","","","","","","","",""
"FSA-feeAm-costsm0.1-fsm0.5-casens0.5","0","NaN","DAnswers","1","0","1","0.5","1","1","1","1","0.795493","0.204507","","","0.277684","","","","","0","0","0.722316","0.5","25.4719","24.4719","25.4719","24.4719","0.0561158","0.187399","0.179346","0","0","0.277684","0.5","0","0","0","0.5","0","-7.05853E-17","1","1","0","0","0.277684","0","0","0.361158","0.361158","","","","","","","","","","",""
"FSA-feeAm-costsm0.1-fsm0.5-casens0.5","0","NaN","Litigated","1","0","1","0.5","1","1","1","1","0.795493","0.204507","","","0.277684","","","","","0","0","0.722316","0.5","25.4719","24.4719","25.4719","24.4719","0.0561158","0.187399","0.179346","0","0","0.277684","0.5","0","0","0","0.5","0","-7.05853E-17","1","1","0","0","0.277684","0","0","0.361158","0.361158","","","","","","","","","","",""
"FSA-feeAm-costsm0.1-fsm0.5-casens0.5","0","NaN","Settles","0.2777","0","0.277684","0.5","1","1","1","1","0.499999","0.500001","","","1","","","","","0","0","0","","25.49","24.49","25.49","24.49","0.02","0.128304","0.128304","0","0","1","0.5","0","0","0","0.5","0","-0.502942","1","1","0","0","1","0","0","0","0","","","","","","","","","","",""
"FSA-feeAm-costsm0.1-fsm0.5-casens0.5","0","NaN","Tried","0.7223","0","0.722316","0.5","1","1","1","1","0.909091","0.0909091","","","0","","","","","0","0","1","0.5","25.465","24.465","25.465","24.465","0.07","0.210117","0.198968","0","0","0","","0","0","0","0.5","0","0.193349","1","1","0","0","0","0","0","0.5","0.5","","","","","","","","","","",""
"FSA-feeAm-costsm0.1-fsm0.5-casens0.5","0","NaN","PWins","0.3612","0","0.361158","0.630124","1","1","1","1","0.909091","0.0909091","","","0","","","","","0","0","1","1","25.965","23.965","25.965","23.965","0.07","0.397937","0.0222972","0","0","0","","0","0","0","0.637063","0","0.193349","1","1","0","0","0","0","0","0","1","","","","","","","","","","",""
"FSA-feeAm-costsm0.1-fsm0.5-casens0.5","0","NaN","DWins","0.3612","0","0.361158","0.369876","1","1","1","1","0.909091","0.0909091","","","0","","","","","0","0","1","0","24.965","24.965","24.965","24.965","0.07","0.0222972","0.375639","0","0","0","","0","0","0","0.362937","0","0.193349","1","1","0","0","0","0","0","1","0","","","","","","","","","","",""
"FSA-feeAm-costsm0.1-fsm0.5-casens0.5","0","NaN","Abandoned","0","0","0","","","","","","","","","","","","","","","","","","","","","","","","","","","","","","","","","","","","","","","","","","","","","","","","","","","","","","",""
"FSA-feeAm-costsm0.1-fsm0.5-casens0.5","0","NaN","Rounds1","1","0","1","0.5","1","1","1","1","0.795493","0.204507","","","0.277684","","","","","0","0","0.722316","0.5","25.4719","24.4719","25.4719","24.4719","0.0561158","0.187399","0.179346","0","0","0.277684","0.5","0","0","0","0.5","0","-7.05853E-17","1","1","0","0","0.277684","0","0","0.361158","0.361158","","","","","","","","","","",""
"FSA-feeAm-costsm0.1-fsm0.5-casens0.5","0","NaN","PrePrimary1","0","0","0","","","","","","","","","","","","","","","","","","","","","","","","","","","","","","","","","","","","","","","","","","","","","","","","","","","","","","",""
"FSA-feeAm-costsm0.1-fsm0.5-casens0.5","0","NaN","PrePrimary2","0","0","0","","","","","","","","","","","","","","","","","","","","","","","","","","","","","","","","","","","","","","","","","","","","","","","","","","","","","","",""
"FSA-feeAm-costsm0.1-fsm0.5-casens0.5","0","NaN","PrePrimary3","0","0","0","","","","","","","","","","","","","","","","","","","","","","","","","","","","","","","","","","","","","","","","","","","","","","","","","","","","","","",""
"FSA-feeAm-costsm0.1-fsm0.5-casens0.5","0","NaN","PrePrimary4","0","0","0","","","","","","","","","","","","","","","","","","","","","","","","","","","","","","","","","","","","","","","","","","","","","","","","","","","","","","",""
"FSA-feeAm-costsm0.1-fsm0.5-casens0.5","0","NaN","PrePrimary5","0","0","0","","","","","","","","","","","","","","","","","","","","","","","","","","","","","","","","","","","","","","","","","","","","","","","","","","","","","","",""
"FSA-feeAm-costsm0.1-fsm0.5-casens0.5","0","NaN","PrePrimary6","0","0","0","","","","","","","","","","","","","","","","","","","","","","","","","","","","","","","","","","","","","","","","","","","","","","","","","","","","","","",""
"FSA-feeAm-costsm0.1-fsm0.5-casens0.5","0","NaN","PrePrimary7","0","0","0","","","","","","","","","","","","","","","","","","","","","","","","","","","","","","","","","","","","","","","","","","","","","","","","","","","","","","",""
"FSA-feeAm-costsm0.1-fsm0.5-casens0.5","0","NaN","PrePrimary8","0","0","0","","","","","","","","","","","","","","","","","","","","","","","","","","","","","","","","","","","","","","","","","","","","","","","","","","","","","","",""
"FSA-feeAm-costsm0.1-fsm0.5-casens0.5","0","NaN","PrePrimary9","0","0","0","","","","","","","","","","","","","","","","","","","","","","","","","","","","","","","","","","","","","","","","","","","","","","","","","","","","","","",""
"FSA-feeAm-costsm0.1-fsm0.5-casens0.5","0","NaN","PrePrimary10","0","0","0","","","","","","","","","","","","","","","","","","","","","","","","","","","","","","","","","","","","","","","","","","","","","","","","","","","","","","",""
"FSA-feeAm-costsm0.1-fsm0.5-casens0.5","0","NaN","Truly Liable","0.5","0","0.5","0.611471","1","1","1","1","0.865856","0.27487","","","0.277684","","","","","0","0","0.722316","0.637063","25.6413","24.3026","25.6413","24.3026","0.0561158","0.0161056","0.358692","0","0","0.277684","0.753392","0","0","0","1","0","-1.21531E-17","1","1","0","0","0.277684","0","0","0.262155","0.460161","","","","","","","","","","",""
"FSA-feeAm-costsm0.1-fsm0.5-casens0.5","0","NaN","Truly Not Liable","0.5","0","0.5","0.388529","1","1","1","1","0.72513","0.134144","","","0.277684","","","","","0","0","0.722316","0.362937","25.3026","24.6413","25.3026","24.6413","0.0561158","0.358692","0","0","0","0.277684","0.246608","0","0","0","0","0","3.37856E-17","1","1","0","0","0.277684","0","0","0.460161","0.262155","","","","","","","","","","",""
"FSA-feeAm-costsm0.1-fsm0.5-casens0.5","0","NaN","AllCount","410","0","410","0.5","410","410","410","410","0.795493","0.204507","","","113.85","","","","","0","0","296.15","160","25.4719","24.4719","25.4719","24.4719","0.0561158","0.187399","0.179346","0","0","113.85","0.5","0","0","0","205","0","-7.05853E-17","410","410","0","0","113.85","0","0","148.075","148.075","","","","","","","","","","",""
"FSA-feeAm-costsm0.1-fsm0.5-casens0.5","0","NaN","Liability Strength1","0.1964","0","0.196407","0.166667","1","1","1","1","0.40835","0.0909091","","","0.612017","","","","","0","0","0.387983","0.0151534","25.0418","24.9188","25.0418","24.9188","0.0393992","0.0673675","0.163807","0","0","0.612017","0.0909091","0","0","0","0.170956","0","1.82835E-17","1","1","0","0","0.612017","0","0","0.382104","0.0058793","","","","","","","","","","",""
"FSA-feeAm-costsm0.1-fsm0.5-casens0.5","0","NaN","Liability Strength2","0.2022","0","0.202193","0.333333","1","1","1","1","0.834783","0.0909103","","","0.0908225","","","","","0","0","0.909177","0.13503","25.0983","24.8362","25.0983","24.8362","0.0654589","0.113956","0.281596","0","0","0.0908225","0.0909223","0","0","0","0.312293","0","3.39865E-17","1","1","0","0","0.0908225","0","0","0.786411","0.122766","","","","","","","","","","",""
"FSA-feeAm-costsm0.1-fsm0.5-casens0.5","0","NaN","Liability Strength3","0.2028","0","0.202799","0.5","1","1","1","1","0.907987","0.0920134","","","0.00269754","","","","","0","0","0.997302","0.5","25.4651","24.4651","25.4651","24.4651","0.0698651","0.276193","0.267466","0","0","0.00269754","0.5","0","0","0","0.5","0","8.91755E-18","1","1","0","0","0.00269754","0","0","0.498651","0.498651","","","","","","","","","","",""
"FSA-feeAm-costsm0.1-fsm0.5-casens0.5","0","NaN","Liability Strength4","0.2022","0","0.202193","0.666667","1","1","1","1","0.90909","0.165217","","","0.0908225","","","","","0","0","0.909177","0.86497","25.8362","24.0983","25.8362","24.0983","0.0654589","0.300525","0.112614","0","0","0.0908225","0.909078","0","0","0","0.687707","0","6.88166E-18","1","1","0","0","0.0908225","0","0","0.122766","0.786411","","","","","","","","","","",""
"FSA-feeAm-costsm0.1-fsm0.5-casens0.5","0","NaN","Liability Strength5","0.1964","0","0.196407","0.833333","1","1","1","1","0.909091","0.59165","","","0.612017","","","","","0","0","0.387983","0.984847","25.9188","24.0418","25.9188","24.0418","0.0393992","0.174894","0.0673323","0","0","0.612017","0.909091","0","0","0","0.829044","0","1.38875E-16","1","1","0","0","0.612017","0","0","0.00587928","0.382104","","","","","","","","","","",""
"FSA-feeAm-costsm0.1-fsm0.5-casens0.5","0","NaN","PLiabilitySignal1","0.1388","0","0.138842","0.189368","1","1","1","1","0.0909091","0.0909116","","","1","","","","","0","0","0","","25.0809","24.8991","25.0809","24.8991","0.02","0.0817068","0.174901","0","0","1","0.0909103","0","0","0","0.190299","0","-0.502948","1","1","0","0","1","0","0","0","0","","","","","","","","","","",""
"FSA-feeAm-costsm0.1-fsm0.5-casens0.5","0","NaN","PLiabilitySignal2","0.2396","0","0.239611","0.305007","1","1","1","1","0.909091","0.0913002","","","0.000477981","","","","","0","0","0.999522","0.148598","25.114","24.8161","25.114","24.8161","0.0699761","0.116288","0.245631","0","0","0.00047798","0.909091","0","0","0","0.294746","0","-0.0445679","1","1","0","0","0.000477981","0","0","0.850995","0.148527","","","","","","","","","","",""
"FSA-feeAm-costsm0.1-fsm0.5-casens0.5","0","NaN","PLiabilitySignal3","0.2431","0","0.243093","0.5","1","1","1","1","0.909091","0.111081","","","0.0246544","","","","","0","0","0.975346","0.490436","25.4664","24.4649","25.4664","24.4649","0.0687673","0.245958","0.235648","0","0","0.0246544","0.909091","0","0","0","0.5","0","8.30857E-11","1","1","0","0","0.0246544","0","0","0.497001","0.478345","","","","","","","","","","",""
"FSA-feeAm-costsm0.1-fsm0.5-casens0.5","0","NaN","PLiabilitySignal4","0.2396","0","0.239611","0.694993","1","1","1","1","0.909091","0.287244","","","0.239965","","","","","0","0","0.760035","0.816956","25.8101","24.1319","25.8101","24.1319","0.0580017","0.257843","0.119723","0","0","0.239965","0.909091","0","0","0","0.705254","0","0.0445679","1","1","0","0","0.239965","0","0","0.139119","0.620915","","","","","","","","","","",""
"FSA-feeAm-costsm0.1-fsm0.5-casens0.5","0","NaN","PLiabilitySignal5","0.1388","0","0.138842","0.810632","1","1","1","1","0.909091","0.534263","","","0.541878","","","","","0","0","0.458122","0.951293","25.907","24.0501","25.907","24.0501","0.0429061","0.19171","0.0737158","0","0","0.541878","0.909091","0","0","0","0.809701","0","0.502948","1","1","0","0","0.541878","0","0","0.0223136","0.435809","","","","","","","","","","",""
"FSA-feeAm-costsm0.1-fsm0.5-casens0.5","0","NaN","DLiabilitySignal1","0.1388","0","0.138842","0.189368","1","1","1","1","0.465737","0.0909091","","","0.541878","","","","","0","0","0.458122","0.0487066","25.0501","24.907","25.0501","24.907","0.0429061","0.073941","0.179591","0","0","0.541878","0.0909091","0","0","0","0.190299","0","0.502948","1","1","0","0","0.541878","0","0","0.435809","0.0223136","","","","","","","","","","",""
"FSA-feeAm-costsm0.1-fsm0.5-casens0.5","0","NaN","DLiabilitySignal2","0.2396","0","0.239611","0.305007","1","1","1","1","0.712756","0.0909091","","","0.239965","","","","","0","0","0.760035","0.183044","25.1319","24.8101","25.1319","24.8101","0.0580017","0.121708","0.242755","0","0","0.239965","0.0909091","0","0","0","0.294746","0","0.0445679","1","1","0","0","0.239965","0","0","0.620915","0.139119","","","","","","","","","","",""
"FSA-feeAm-costsm0.1-fsm0.5-casens0.5","0","NaN","DLiabilitySignal3","0.2431","0","0.243093","0.5","1","1","1","1","0.888919","0.0909091","","","0.0246544","","","","","0","0","0.975346","0.509564","25.4649","24.4664","25.4649","24.4664","0.0687673","0.245449","0.236667","0","0","0.0246544","0.0909091","0","0","0","0.5","0","-8.30857E-11","1","1","0","0","0.0246544","0","0","0.478345","0.497001","","","","","","","","","","",""
"FSA-feeAm-costsm0.1-fsm0.5-casens0.5","0","NaN","DLiabilitySignal4","0.2396","0","0.239611","0.694993","1","1","1","1","0.9087","0.0909091","","","0.000477981","","","","","0","0","0.999522","0.851402","25.8161","24.114","25.8161","24.114","0.0699761","0.26718","0.114218","0","0","0.00047798","0.0909091","0","0","0","0.705254","0","-0.0445679","1","1","0","0","0.000477981","0","0","0.148527","0.850995","","","","","","","","","","",""
"FSA-feeAm-costsm0.1-fsm0.5-casens0.5","0","NaN","DLiabilitySignal5","0.1388","0","0.138842","0.810632","1","1","1","1","0.909088","0.909091","","","1","","","","","0","0","0","","25.8991","24.0809","25.8991","24.0809","0.02","0.174901","0.0817068","0","0","1","0.90909","0","0","0","0.809701","0","-0.502948","1","1","0","0","1","0","0","0","0","","","","","","","","","","",""
"FSA-feeAm-costsm0.1-fsm0.5-casens0.5","0","NaN","MutOptLiability5","0","0","0","","","","","","","","","","","","","","","","","","","","","","","","","","","","","","","","","","","","","","","","","","","","","","","","","","","","","","",""
"FSA-feeAm-costsm0.1-fsm0.5-casens0.5","0","NaN","MutOptLiability4","4.3E-7","0","4.25758E-07","0.5","1","1","1","1","0.909091","0.0909091","","","0","","","","","0","0","1","0.5","25.465","24.465","25.465","24.465","0.07","0.267497","0.258429","0","0","0","","0","0","0","0.5","0","4","1","1","0","0","0","0","0","0.5","0.5","","","","","","","","","","",""
"FSA-feeAm-costsm0.1-fsm0.5-casens0.5","0","NaN","MutOptLiability3","0.0002","0","0.000229059","0.5","1","1","1","1","0.909091","0.0909091","","","0","","","","","0","0","1","0.5","25.465","24.465","25.465","24.465","0.07","0.234282","0.22401","0","0","0","","0","0","0","0.5","0","3","1","1","0","0","0","0","0","0.5","0.5","","","","","","","","","","",""
"FSA-feeAm-costsm0.1-fsm0.5-casens0.5","0","NaN","MutOptLiability2","0.018","0","0.0180231","0.5","1","1","1","1","0.909091","0.0909091","","","0","","","","","0","0","1","0.5","25.465","24.465","25.465","24.465","0.07","0.217844","0.206975","0","0","0","","0","0","0","0.5","0","2","1","1","0","0","0","0","0","0.5","0.5","","","","","","","","","","",""
"FSA-feeAm-costsm0.1-fsm0.5-casens0.5","0","NaN","MutOptLiability1","0.2265","0","0.226519","0.5","1","1","1","1","0.909091","0.0909091","","","0","","","","","0","0","1","0.5","25.465","24.465","25.465","24.465","0.07","0.187075","0.17509","0","0","0","","0","0","0","0.5","0","1","1","1","0","0","0","0","0","0.5","0.5","","","","","","","","","","",""
"FSA-feeAm-costsm0.1-fsm0.5-casens0.5","0","NaN","MutOptLiability0","0.5105","0","0.510458","0.5","1","1","1","1","0.788501","0.211499","","","0.294776","","","","","0","0","0.705224","0.5","25.4724","24.4724","25.4724","24.4724","0.0552612","0.187954","0.180233","0","0","0.294776","0.5","0","0","0","0.5","0","0","1","1","0","0","0.294776","0","0","0.352612","0.352612","","","","","","","","","","",""
"FSA-feeAm-costsm0.1-fsm0.5-casens0.5","0","NaN","MutOptLiability-1","0.2265","0","0.226519","0.5","1","1","1","1","0.701408","0.298592","","","0.507671","","","","","0","0","0.492329","0.5","25.4777","24.4777","25.4777","24.4777","0.0446165","0.182903","0.177854","0","0","0.507671","0.5","0","0","0","0.5","0","-1","1","1","0","0","0.507671","0","0","0.246165","0.246165","","","","","","","","","","",""
"FSA-feeAm-costsm0.1-fsm0.5-casens0.5","0","NaN","MutOptLiability-2","0.018","0","0.0180231","0.5","1","1","1","1","0.637016","0.362984","","","0.665071","","","","","0","0","0.334929","0.5","25.4816","24.4816","25.4816","24.4816","0.0367464","0.200956","0.19789","0","0","0.665071","0.5","0","0","0","0.5","0","-2","1","1","0","0","0.665071","0","0","0.167464","0.167464","","","","","","","","","","",""
"FSA-feeAm-costsm0.1-fsm0.5-casens0.5","0","NaN","MutOptLiability-3","0.0002","0","0.000229059","0.5","1","1","1","1","0.5","0.5","","","1","","","","","0","0","0","","25.49","24.49","25.49","24.49","0.02","0.206884","0.206884","0","0","1","0.5","0","0","0","0.5","0","-3","1","1","0","0","1","0","0","0","0","","","","","","","","","","",""
"FSA-feeAm-costsm0.1-fsm0.5-casens0.5","0","NaN","MutOptLiability-4","4.3E-7","0","4.25758E-07","0.5","1","1","1","1","0.0909091","0.909091","","","1","","","","","0","0","0","","25.49","24.49","25.49","24.49","0.02","0.255","0.255","0","0","1","0.5","0","0","0","0.5","0","-4","1","1","0","0","1","0","0","0","0","","","","","","","","","","",""
"FSA-feeAm-costsm0.1-fsm0.5-casens0.5","0","NaN","MutOptLiability-5","0","0","0","","","","","","","","","","","","","","","","","","","","","","","","","","","","","","","","","","","","","","","","","","","","","","","","","","","","","","",""
"FSA-feeAm-costsm0.1-fsm0.5-casens0.5","0","NaN","Truly Liable MutOptLiability5","0","0","0","","","","","","","","","","","","","","","","","","","","","","","","","","","","","","","","","","","","","","","","","","","","","","","","","","","","","","",""
"FSA-feeAm-costsm0.1-fsm0.5-casens0.5","0","NaN","Truly Liable MutOptLiability4","2.1E-7","0","2.12879E-07","0.50829","1","1","1","1","0.909091","0.0909091","","","0","","","","","0","0","1","0.518141","25.4831","24.4469","25.4831","24.4469","0.07","0.018135","0.516859","0","0","0","","0","0","0","1","0","4","1","1","0","0","0","0","0","0.481859","0.518141","","","","","","","","","","",""
"FSA-feeAm-costsm0.1-fsm0.5-casens0.5","0","NaN","Truly Liable MutOptLiability3","0.0001","0","0.00011453","0.540317","1","1","1","1","0.909091","0.0909091","","","0","","","","","0","0","1","0.58698","25.552","24.378","25.552","24.378","0.07","0.0205443","0.44802","0","0","0","","0","0","0","1","0","3","1","1","0","0","0","0","0","0.41302","0.58698","","","","","","","","","","",""
"FSA-feeAm-costsm0.1-fsm0.5-casens0.5","0","NaN","Truly Liable MutOptLiability2","0.009","0","0.00901154","0.565403","1","1","1","1","0.909091","0.0909091","","","0","","","","","0","0","1","0.621049","25.586","24.344","25.586","24.344","0.07","0.0217367","0.413951","0","0","0","","0","0","0","1","0","2","1","1","0","0","0","0","0","0.378951","0.621049","","","","","","","","","","",""
"FSA-feeAm-costsm0.1-fsm0.5-casens0.5","0","NaN","Truly Liable MutOptLiability1","0.1133","0","0.113259","0.61442","1","1","1","1","0.909091","0.0909091","","","0","","","","","0","0","1","0.684819","25.6498","24.2802","25.6498","24.2802","0.07","0.0239687","0.350181","0","0","0","","0","0","0","1","0","1","1","1","0","0","0","0","0","0.315181","0.684819","","","","","","","","","","",""
"FSA-feeAm-costsm0.1-fsm0.5-casens0.5","0","NaN","Truly Liable MutOptLiability0","0.2552","0","0.255229","0.612171","1","1","1","1","0.867104","0.290103","","","0.294776","","","","","0","0","0.705224","0.625578","25.6395","24.3052","25.6395","24.3052","0.0552612","0.015441","0.360467","0","0","0.294776","0.766653","0","0","0","1","0","0","1","1","0","0","0.294776","0","0","0.264051","0.441173","","","","","","","","","","",""
"FSA-feeAm-costsm0.1-fsm0.5-casens0.5","0","NaN","Truly Liable MutOptLiability-1","0.1133","0","0.113259","0.61442","1","1","1","1","0.825669","0.422854","","","0.507671","","","","","0","0","0.492329","0.585995","25.6443","24.3111","25.6443","24.3111","0.0446165","0.0100976","0.355709","0","0","0.507671","0.744768","0","0","0","1","0","-1","1","1","0","0","0.507671","0","0","0.203827","0.288503","","","","","","","","","","",""
"FSA-feeAm-costsm0.1-fsm0.5-casens0.5","0","NaN","Truly Liable MutOptLiability-2","0.009","0","0.00901154","0.565403","1","1","1","1","0.751858","0.477826","","","0.665071","","","","","0","0","0.334929","0.523146","25.6042","24.359","25.6042","24.359","0.0367464","0.0061326","0.395779","0","0","0.665071","0.672676","0","0","0","1","0","-2","1","1","0","0","0.665071","0","0","0.159712","0.175216","","","","","","","","","","",""
"FSA-feeAm-costsm0.1-fsm0.5-casens0.5","0","NaN","Truly Liable MutOptLiability-3","0.0001","0","0.00011453","0.540317","1","1","1","1","0.596233","0.596233","","","1","","","","","0","0","0","","25.5862","24.3938","25.5862","24.3938","0.02","0","0.413767","0","0","1","0.596233","0","0","0","1","0","-3","1","1","0","0","1","0","0","0","0","","","","","","","","","","",""
"FSA-feeAm-costsm0.1-fsm0.5-casens0.5","0","NaN","Truly Liable MutOptLiability-4","2.1E-7","0","2.12879E-07","0.50829","1","1","1","1","0.0909091","0.909091","","","1","","","","","0","0","0","","25.49","24.49","25.49","24.49","0.02","0","0.51","0","0","1","0.5","0","0","0","1","0","-4","1","1","0","0","1","0","0","0","0","","","","","","","","","","",""
"FSA-feeAm-costsm0.1-fsm0.5-casens0.5","0","NaN","Truly Liable MutOptLiability-5","0","0","0","","","","","","","","","","","","","","","","","","","","","","","","","","","","","","","","","","","","","","","","","","","","","","","","","","","","","","",""
"FSA-feeAm-costsm0.1-fsm0.5-casens0.5","0","NaN","Truly Not Liable MutOptLiability5","0","0","0","","","","","","","","","","","","","","","","","","","","","","","","","","","","","","","","","","","","","","","","","","","","","","","","","","","","","","",""
"FSA-feeAm-costsm0.1-fsm0.5-casens0.5","0","NaN","Truly Not Liable MutOptLiability4","2.1E-7","0","2.12879E-07","0.49171","1","1","1","1","0.909091","0.0909091","","","0","","","","","0","0","1","0.481859","25.4469","24.4831","25.4469","24.4831","0.07","0.516859","0","0","0","0","","0","0","0","0","0","4","1","1","0","0","0","0","0","0.518141","0.481859","","","","","","","","","","",""
"FSA-feeAm-costsm0.1-fsm0.5-casens0.5","0","NaN","Truly Not Liable MutOptLiability3","0.0001","0","0.00011453","0.459683","1","1","1","1","0.909091","0.0909091","","","0","","","","","0","0","1","0.41302","25.378","24.552","25.378","24.552","0.07","0.44802","0","0","0","0","","0","0","0","0","0","3","1","1","0","0","0","0","0","0.58698","0.41302","","","","","","","","","","",""
"FSA-feeAm-costsm0.1-fsm0.5-casens0.5","0","NaN","Truly Not Liable MutOptLiability2","0.009","0","0.00901154","0.434597","1","1","1","1","0.909091","0.0909091","","","0","","","","","0","0","1","0.378951","25.344","24.586","25.344","24.586","0.07","0.413951","0","0","0","0","","0","0","0","0","0","2","1","1","0","0","0","0","0","0.621049","0.378951","","","","","","","","","","",""
"FSA-feeAm-costsm0.1-fsm0.5-casens0.5","0","NaN","Truly Not Liable MutOptLiability1","0.1133","0","0.113259","0.38558","1","1","1","1","0.909091","0.0909091","","","0","","","","","0","0","1","0.315181","25.2802","24.6498","25.2802","24.6498","0.07","0.350181","0","0","0","0","","0","0","0","0","0","1","1","1","0","0","0","0","0","0.684819","0.315181","","","","","","","","","","",""
"FSA-feeAm-costsm0.1-fsm0.5-casens0.5","0","NaN","Truly Not Liable MutOptLiability0","0.2552","0","0.255229","0.387829","1","1","1","1","0.709897","0.132896","","","0.294776","","","","","0","0","0.705224","0.374422","25.3052","24.6395","25.3052","24.6395","0.0552612","0.360467","0","0","0","0.294776","0.233347","0","0","0","0","0","0","1","1","0","0","0.294776","0","0","0.441173","0.264051","","","","","","","","","","",""
"FSA-feeAm-costsm0.1-fsm0.5-casens0.5","0","NaN","Truly Not Liable MutOptLiability-1","0.1133","0","0.113259","0.38558","1","1","1","1","0.577146","0.174331","","","0.507671","","","","","0","0","0.492329","0.414005","25.3111","24.6443","25.3111","24.6443","0.0446165","0.355709","0","0","0","0.507671","0.255232","0","0","0","0","0","-1","1","1","0","0","0.507671","0","0","0.288503","0.203827","","","","","","","","","","",""
"FSA-feeAm-costsm0.1-fsm0.5-casens0.5","0","NaN","Truly Not Liable MutOptLiability-2","0.009","0","0.00901154","0.434597","1","1","1","1","0.522174","0.248142","","","0.665071","","","","","0","0","0.334929","0.476854","25.359","24.6042","25.359","24.6042","0.0367464","0.395779","0","0","0","0.665071","0.327324","0","0","0","0","0","-2","1","1","0","0","0.665071","0","0","0.175216","0.159712","","","","","","","","","","",""
"FSA-feeAm-costsm0.1-fsm0.5-casens0.5","0","NaN","Truly Not Liable MutOptLiability-3","0.0001","0","0.00011453","0.459683","1","1","1","1","0.403767","0.403767","","","1","","","","","0","0","0","","25.3938","24.5862","25.3938","24.5862","0.02","0.413767","0","0","0","1","0.403767","0","0","0","0","0","-3","1","1","0","0","1","0","0","0","0","","","","","","","","","","",""
"FSA-feeAm-costsm0.1-fsm0.5-casens0.5","0","NaN","Truly Not Liable MutOptLiability-4","2.1E-7","0","2.12879E-07","0.49171","1","1","1","1","0.0909091","0.909091","","","1","","","","","0","0","0","","25.49","24.49","25.49","24.49","0.02","0.51","0","0","0","1","0.5","0","0","0","0","0","-4","1","1","0","0","1","0","0","0","0","","","","","","","","","","",""
"FSA-feeAm-costsm0.1-fsm0.5-casens0.5","0","NaN","Truly Not Liable MutOptLiability-5","0","0","0","","","","","","","","","","","","","","","","","","","","","","","","","","","","","","","","","","","","","","","","","","","","","","","","","","","","","","",""
"FSA-feeAm-costsm0.1-fsm0.5-casens0.5","0","NaN","High Quality","0","0","0","","","","","","","","","","","","","","","","","","","","","","","","","","","","","","","","","","","","","","","","","","","","","","","","","","","","","","",""
"FSA-feeAm-costsm0.1-fsm0.5-casens0.5","0","NaN","High Quality Liable MutOptLiability5","0","0","0","","","","","","","","","","","","","","","","","","","","","","","","","","","","","","","","","","","","","","","","","","","","","","","","","","","","","","",""
"FSA-feeAm-costsm0.1-fsm0.5-casens0.5","0","NaN","High Quality Liable MutOptLiability4","0","0","0","","","","","","","","","","","","","","","","","","","","","","","","","","","","","","","","","","","","","","","","","","","","","","","","","","","","","","",""
"FSA-feeAm-costsm0.1-fsm0.5-casens0.5","0","NaN","High Quality Liable MutOptLiability3","0","0","0","","","","","","","","","","","","","","","","","","","","","","","","","","","","","","","","","","","","","","","","","","","","","","","","","","","","","","",""
"FSA-feeAm-costsm0.1-fsm0.5-casens0.5","0","NaN","High Quality Liable MutOptLiability2","0","0","0","","","","","","","","","","","","","","","","","","","","","","","","","","","","","","","","","","","","","","","","","","","","","","","","","","","","","","",""
"FSA-feeAm-costsm0.1-fsm0.5-casens0.5","0","NaN","High Quality Liable MutOptLiability1","0","0","0","","","","","","","","","","","","","","","","","","","","","","","","","","","","","","","","","","","","","","","","","","","","","","","","","","","","","","",""
"FSA-feeAm-costsm0.1-fsm0.5-casens0.5","0","NaN","High Quality Liable MutOptLiability0","0","0","0","","","","","","","","","","","","","","","","","","","","","","","","","","","","","","","","","","","","","","","","","","","","","","","","","","","","","","",""
"FSA-feeAm-costsm0.1-fsm0.5-casens0.5","0","NaN","High Quality Liable MutOptLiability-1","0","0","0","","","","","","","","","","","","","","","","","","","","","","","","","","","","","","","","","","","","","","","","","","","","","","","","","","","","","","",""
"FSA-feeAm-costsm0.1-fsm0.5-casens0.5","0","NaN","High Quality Liable MutOptLiability-2","0","0","0","","","","","","","","","","","","","","","","","","","","","","","","","","","","","","","","","","","","","","","","","","","","","","","","","","","","","","",""
"FSA-feeAm-costsm0.1-fsm0.5-casens0.5","0","NaN","High Quality Liable MutOptLiability-3","0","0","0","","","","","","","","","","","","","","","","","","","","","","","","","","","","","","","","","","","","","","","","","","","","","","","","","","","","","","",""
"FSA-feeAm-costsm0.1-fsm0.5-casens0.5","0","NaN","High Quality Liable MutOptLiability-4","0","0","0","","","","","","","","","","","","","","","","","","","","","","","","","","","","","","","","","","","","","","","","","","","","","","","","","","","","","","",""
"FSA-feeAm-costsm0.1-fsm0.5-casens0.5","0","NaN","High Quality Liable MutOptLiability-5","0","0","0","","","","","","","","","","","","","","","","","","","","","","","","","","","","","","","","","","","","","","","","","","","","","","","","","","","","","","",""
"FSA-feeAm-costsm0.1-fsm0.5-casens0.5","0","NaN","PLiabilitySignal 1","0.1388","0","0.138842","0.189368","1","1","1","1","0.0909091","0.0909116","","","1","","","","","0","0","0","","25.0809","24.8991","25.0809","24.8991","0.02","0.0817068","0.174901","0","0","1","0.0909103","0","0","0","0.190299","0","-0.502948","1","1","0","0","1","0","0","0","0","","","","","","","","","","",""
"FSA-feeAm-costsm0.1-fsm0.5-casens0.5","0","NaN","PLiabilitySignal 2","0.2396","0","0.239611","0.305007","1","1","1","1","0.909091","0.0913002","","","0.000477981","","","","","0","0","0.999522","0.148598","25.114","24.8161","25.114","24.8161","0.0699761","0.116288","0.245631","0","0","0.00047798","0.909091","0","0","0","0.294746","0","-0.0445679","1","1","0","0","0.000477981","0","0","0.850995","0.148527","","","","","","","","","","",""
"FSA-feeAm-costsm0.1-fsm0.5-casens0.5","0","NaN","PLiabilitySignal 3","0.2431","0","0.243093","0.5","1","1","1","1","0.909091","0.111081","","","0.0246544","","","","","0","0","0.975346","0.490436","25.4664","24.4649","25.4664","24.4649","0.0687673","0.245958","0.235648","0","0","0.0246544","0.909091","0","0","0","0.5","0","8.30857E-11","1","1","0","0","0.0246544","0","0","0.497001","0.478345","","","","","","","","","","",""
"FSA-feeAm-costsm0.1-fsm0.5-casens0.5","0","NaN","PLiabilitySignal 4","0.2396","0","0.239611","0.694993","1","1","1","1","0.909091","0.287244","","","0.239965","","","","","0","0","0.760035","0.816956","25.8101","24.1319","25.8101","24.1319","0.0580017","0.257843","0.119723","0","0","0.239965","0.909091","0","0","0","0.705254","0","0.0445679","1","1","0","0","0.239965","0","0","0.139119","0.620915","","","","","","","","","","",""
"FSA-feeAm-costsm0.1-fsm0.5-casens0.5","0","NaN","PLiabilitySignal 5","0.1388","0","0.138842","0.810632","1","1","1","1","0.909091","0.534263","","","0.541878","","","","","0","0","0.458122","0.951293","25.907","24.0501","25.907","24.0501","0.0429061","0.19171","0.0737158","0","0","0.541878","0.909091","0","0","0","0.809701","0","0.502948","1","1","0","0","0.541878","0","0","0.0223136","0.435809","","","","","","","","","","",""
"FSA-feeAm-costsm0.1-fsm0.5-casens0.5","0","NaN","DLiabilitySignal 1","0.1388","0","0.138842","0.189368","1","1","1","1","0.465737","0.0909091","","","0.541878","","","","","0","0","0.458122","0.0487066","25.0501","24.907","25.0501","24.907","0.0429061","0.073941","0.179591","0","0","0.541878","0.0909091","0","0","0","0.190299","0","0.502948","1","1","0","0","0.541878","0","0","0.435809","0.0223136","","","","","","","","","","",""
"FSA-feeAm-costsm0.1-fsm0.5-casens0.5","0","NaN","DLiabilitySignal 2","0.2396","0","0.239611","0.305007","1","1","1","1","0.712756","0.0909091","","","0.239965","","","","","0","0","0.760035","0.183044","25.1319","24.8101","25.1319","24.8101","0.0580017","0.121708","0.242755","0","0","0.239965","0.0909091","0","0","0","0.294746","0","0.0445679","1","1","0","0","0.239965","0","0","0.620915","0.139119","","","","","","","","","","",""
"FSA-feeAm-costsm0.1-fsm0.5-casens0.5","0","NaN","DLiabilitySignal 3","0.2431","0","0.243093","0.5","1","1","1","1","0.888919","0.0909091","","","0.0246544","","","","","0","0","0.975346","0.509564","25.4649","24.4664","25.4649","24.4664","0.0687673","0.245449","0.236667","0","0","0.0246544","0.0909091","0","0","0","0.5","0","-8.30857E-11","1","1","0","0","0.0246544","0","0","0.478345","0.497001","","","","","","","","","","",""
"FSA-feeAm-costsm0.1-fsm0.5-casens0.5","0","NaN","DLiabilitySignal 4","0.2396","0","0.239611","0.694993","1","1","1","1","0.9087","0.0909091","","","0.000477981","","","","","0","0","0.999522","0.851402","25.8161","24.114","25.8161","24.114","0.0699761","0.26718","0.114218","0","0","0.00047798","0.0909091","0","0","0","0.705254","0","-0.0445679","1","1","0","0","0.000477981","0","0","0.148527","0.850995","","","","","","","","","","",""
"FSA-feeAm-costsm0.1-fsm0.5-casens0.5","0","NaN","DLiabilitySignal 5","0.1388","0","0.138842","0.810632","1","1","1","1","0.909088","0.909091","","","1","","","","","0","0","0","","25.8991","24.0809","25.8991","24.0809","0.02","0.174901","0.0817068","0","0","1","0.90909","0","0","0","0.809701","0","-0.502948","1","1","0","0","1","0","0","0","0","","","","","","","","","","",""
"FSA-feeAm-costsm0.1-fsm0.5-casens0.5","0","NaN","PDoesntFile","0","0","0","","","","","","","","","","","","","","","","","","","","","","","","","","","","","","","","","","","","","","","","","","","","","","","","","","","","","","",""
"FSA-feeAm-costsm0.1-fsm0.5-casens0.5","0","NaN","P Files","1","0","1","0.5","1","1","1","1","0.795493","0.204507","","","0.277684","","","","","0","0","0.722316","0.5","25.4719","24.4719","25.4719","24.4719","0.0561158","0.187399","0.179346","0","0","0.277684","0.5","0","0","0","0.5","0","-7.05853E-17","1","1","0","0","0.277684","0","0","0.361158","0.361158","","","","","","","","","","",""
"FSA-feeAm-costsm0.1-fsm0.5-casens0.5","0","NaN","DDoesntAnswer","0","0","0","","","","","","","","","","","","","","","","","","","","","","","","","","","","","","","","","","","","","","","","","","","","","","","","","","","","","","",""
"FSA-feeAm-costsm0.1-fsm0.5-casens0.5","0","NaN","D Answers","1","0","1","0.5","1","1","1","1","0.795493","0.204507","","","0.277684","","","","","0","0","0.722316","0.5","25.4719","24.4719","25.4719","24.4719","0.0561158","0.187399","0.179346","0","0","0.277684","0.5","0","0","0","0.5","0","-7.05853E-17","1","1","0","0","0.277684","0","0","0.361158","0.361158","","","","","","","","","","",""
"FSA-feeAm-costsm0.1-fsm0.5-casens0.5","0","NaN","Settles1","0.2777","0","0.277684","0.5","1","1","1","1","0.499999","0.500001","","","1","","","","","0","0","0","","25.49","24.49","25.49","24.49","0.02","0.128304","0.128304","0","0","1","0.5","0","0","0","0.5","0","-0.502942","1","1","0","0","1","0","0","0","0","","","","","","","","","","",""
"FSA-feeAm-costsm0.1-fsm0.5-casens0.5","0","NaN","DoesntSettle1","0.7223","0","0.722316","0.5","1","1","1","1","0.909091","0.0909091","","","0","","","","","0","0","1","0.5","25.465","24.465","25.465","24.465","0.07","0.210117","0.198968","0","0","0","","0","0","0","0.5","0","0.193349","1","1","0","0","0","0","0","0.5","0.5","","","","","","","","","","",""
"FSA-feeAm-costsm0.1-fsm0.5-casens0.5","0","NaN","PAbandons1","0","0","0","","","","","","","","","","","","","","","","","","","","","","","","","","","","","","","","","","","","","","","","","","","","","","","","","","","","","","",""
"FSA-feeAm-costsm0.1-fsm0.5-casens0.5","0","NaN","PDoesntAbandon1","0.7223","0","0.722316","0.5","1","1","1","1","0.909091","0.0909091","","","0","","","","","0","0","1","0.5","25.465","24.465","25.465","24.465","0.07","0.210117","0.198968","0","0","0","","0","0","0","0.5","0","0.193349","1","1","0","0","0","0","0","0.5","0.5","","","","","","","","","","",""
"FSA-feeAm-costsm0.1-fsm0.5-casens0.5","0","NaN","DDefaults1","0","0","0","","","","","","","","","","","","","","","","","","","","","","","","","","","","","","","","","","","","","","","","","","","","","","","","","","","","","","",""
"FSA-feeAm-costsm0.1-fsm0.5-casens0.5","0","NaN","DDoesntDefault1","0.7223","0","0.722316","0.5","1","1","1","1","0.909091","0.0909091","","","0","","","","","0","0","1","0.5","25.465","24.465","25.465","24.465","0.07","0.210117","0.198968","0","0","0","","0","0","0","0.5","0","0.193349","1","1","0","0","0","0","0","0.5","0.5","","","","","","","","","","",""
"FSA-feeAm-costsm0.1-fsm0.5-casens0.5","0","NaN","POrDQuits1","0","0","0","","","","","","","","","","","","","","","","","","","","","","","","","","","","","","","","","","","","","","","","","","","","","","","","","","","","","","",""
"FSA-feeAm-costsm0.1-fsm0.5-casens0.5","0","NaN","P Loses","0.3612","0","0.361158","0.369876","1","1","1","1","0.909091","0.0909091","","","0","","","","","0","0","1","0","24.965","24.965","24.965","24.965","0.07","0.0222972","0.375639","0","0","0","","0","0","0","0.362937","0","0.193349","1","1","0","0","0","0","0","1","0","","","","","","","","","","",""
"FSA-feeAm-costsm0.1-fsm0.5-casens0.5","0","NaN","P Wins","0.3612","0","0.361158","0.630124","1","1","1","1","0.909091","0.0909091","","","0","","","","","0","0","1","1","25.965","23.965","25.965","23.965","0.07","0.397937","0.0222972","0","0","0","","0","0","0","0.637063","0","0.193349","1","1","0","0","0","0","0","0","1","","","","","","","","","","",""
"FSA-feeAm-costsm0.1-fsm0.5-casens0.5","0","NaN","Round 1 P 1-All","","","","","","","","","","","","","","","","","","","","","","","","","","","","","","","","","","","","","","","","","","","","","","","","1","0.138842","0","0","0","0","0","0","0","0","0.861158"
"FSA-feeAm-costsm0.1-fsm0.5-casens0.5","0","NaN","Round 1 P 1 PLiabilitySignal 1","","","","","","","","","","","","","","","","","","","","","","","","","","","","","","","","","","","","","","","","","","","","","","","","0.138842","1","0","0","0","0","0","0","0","0","0"
"FSA-feeAm-costsm0.1-fsm0.5-casens0.5","0","NaN","Round 1 P 1 PLiabilitySignal 2","","","","","","","","","","","","","","","","","","","","","","","","","","","","","","","","","","","","","","","","","","","","","","","","0.239611","0","0","0","0","0","0","0","0","0","1"
"FSA-feeAm-costsm0.1-fsm0.5-casens0.5","0","NaN","Round 1 P 1 PLiabilitySignal 3","","","","","","","","","","","","","","","","","","","","","","","","","","","","","","","","","","","","","","","","","","","","","","","","0.243093","0","0","0","0","0","0","0","0","0","1"
"FSA-feeAm-costsm0.1-fsm0.5-casens0.5","0","NaN","Round 1 P 1 PLiabilitySignal 4","","","","","","","","","","","","","","","","","","","","","","","","","","","","","","","","","","","","","","","","","","","","","","","","0.239611","0","0","0","0","0","0","0","0","0","1"
"FSA-feeAm-costsm0.1-fsm0.5-casens0.5","0","NaN","Round 1 P 1 PLiabilitySignal 5","","","","","","","","","","","","","","","","","","","","","","","","","","","","","","","","","","","","","","","","","","","","","","","","0.138842","0","0","0","0","0","0","0","0","0","1"
"FSA-feeAm-costsm0.1-fsm0.5-casens0.5","0","NaN","Round 1 D 1-All","","","","","","","","","","","","","","","","","","","","","","","","","","","","","","","","","","","","","","","","","","","","","","","","","","","","","","","","","","","1","0.861158","0","0","0","0","0","0","0","0","0.138842"
"FSA-feeAm-costsm0.1-fsm0.5-casens0.5","0","NaN","Round 1 D 1 DLiabilitySignal 1","","","","","","","","","","","","","","","","","","","","","","","","","","","","","","","","","","","","","","","","","","","","","","","","","","","","","","","","","","","0.138842","1","0","0","0","0","0","0","0","0","0"
"FSA-feeAm-costsm0.1-fsm0.5-casens0.5","0","NaN","Round 1 D 1 DLiabilitySignal 2","","","","","","","","","","","","","","","","","","","","","","","","","","","","","","","","","","","","","","","","","","","","","","","","","","","","","","","","","","","0.239611","1","0","0","0","0","0","0","0","0","0"
"FSA-feeAm-costsm0.1-fsm0.5-casens0.5","0","NaN","Round 1 D 1 DLiabilitySignal 3","","","","","","","","","","","","","","","","","","","","","","","","","","","","","","","","","","","","","","","","","","","","","","","","","","","","","","","","","","","0.243093","1","0","0","0","0","0","0","0","0","0"
"FSA-feeAm-costsm0.1-fsm0.5-casens0.5","0","NaN","Round 1 D 1 DLiabilitySignal 4","","","","","","","","","","","","","","","","","","","","","","","","","","","","","","","","","","","","","","","","","","","","","","","","","","","","","","","","","","","0.239611","1","0","0","0","0","0","0","0","0","0"
"FSA-feeAm-costsm0.1-fsm0.5-casens0.5","0","NaN","Round 1 D 1 DLiabilitySignal 5","","","","","","","","","","","","","","","","","","","","","","","","","","","","","","","","","","","","","","","","","","","","","","","","","","","","","","","","","","","0.138842","0","0","0","0","0","0","0","0","0","1"
